<?xml version="1.0" encoding="utf-8"?>
<opencv_storage>
   <size type_id="opencv-matrix">
      <rows>1</rows>
      <cols>2</cols>
      <dt>d</dt>
      <data>480.000000000000000 640.000000000000000 
</data>
   </size>
   <M1 type_id="opencv-matrix">
      <rows>3</rows>
      <cols>3</cols>
      <dt>d</dt>
      <data>901.311245078980392 -0.324745532973600 241.807382054185183 
0.000000000000000 898.439112302934973 269.165090752729498 
0.000000000000000 0.000000000000000 1.000000000000000 
</data>
   </M1>
   <D1 type_id="opencv-matrix">
      <rows>1</rows>
      <cols>5</cols>
      <dt>d</dt>
      <data>-0.673954419956038 2.867991702005830 -0.003307508746323 0.011644715639463 -12.034148581771365 
</data>
   </D1>
   <M2 type_id="opencv-matrix">
      <rows>3</rows>
      <cols>3</cols>
      <dt>d</dt>
      <data>849.684110580790161 0.057206909872406 150.517455810838072 
0.000000000000000 848.799358624829438 310.959870320420691 
0.000000000000000 0.000000000000000 1.000000000000000 
</data>
   </M2>
   <D2 type_id="opencv-matrix">
      <rows>1</rows>
      <cols>5</cols>
      <dt>d</dt>
      <data>-0.388511843141477 -0.430563238105078 -0.010052301731080 0.032727347158445 1.097167272150348 
</data>
   </D2>
   <R type_id="opencv-matrix">
      <rows>3</rows>
      <cols>3</cols>
      <dt>d</dt>
      <data>0.998285227292258 0.010480723582779 0.057591313609132 
-0.007256703055599 0.998409572456877 -0.055907654996777 
-0.058085671475906 0.055393863014391 0.996773582469728 
</data>
   </R>
   <T type_id="opencv-matrix">
      <rows>3</rows>
      <cols>1</cols>
      <dt>d</dt>
      <data>119.367508517661619 
1.325629222910196 
-32.045151218537676 
</data>
   </T>
</opencv_storage>